This is a 1 matrix:
   1294004258   1303499252   1446857774   1962936398   1968894018   1705572350    887280945   1060416145   1515720605   1189556328
    653262851    687052509   1831161094    164921685   1147871625    888547722    881519337    530906183    252962231   1855764613
   1612746752   1892445198   1806575491   1352703541    663965007   1224954510    751479972    477717683    286037865            0
    410717206   1580042124   1288822892   1857574980   1395494874   1110233263   1415663683    135292171     23165760    783900640
   1324848500    676428612   1470953150   1008525946    841350297    471341127   1897073669   1722869634   1002247311            0
   1431150600    467510415   1894997450   1090242443   1820213957    411478809    167713305    424210281    889196493    453751171
    409533922   1299913699   2033793295   1698356814   1010005032   1281804521    661106429    278185067   1417096692    684272190
   1062085707    594461544   1360700802    385555209   1602987491     54567451    856896337   1352577512   1777437086   1859143648
   1355129764   1061104038    179170415   1102643566      3862833   1999384372   1514122375    171576139    276111006    255835220
    625327310    685644928   1555748920    511636957    236518094    418270304   1793441478    897624524    696455371   1063054522
This is a 2 matrix:
   1581896714   1758541078   1657516067    795113868            0   1113019910    849681319    853508977    318113774    479634757
    565168977   1673243538   1540738795    744339392    628403456   1544601629    596240117   2142525831   1716177768    872351123
    250877404    194021430   1557996051   1806626324    705658387   1794514145     77412980    351616217    544655021    773868351
   1414670739   2126551735    384925781    924703158    774181955    381538421   2037723068   1623863275   1235047398    208353194
   2103498032   1800216375   1881596732   1496753180    397072120    362516540    893871161    993312237    357558724    462565281
   1865663360    608436128    656586711   1276175763    267578804   1362245098    923206260    344991784   1713861315   1467861282
   1118860135    981048406   1446929369   1503785916   1905751565     73627677   1885324338   1795990985   1697490952    972888088
   2004344180   1653505336    625620816   1738457264   1002774868   1022692936   2100973805   1896646029   2016005173    311048881
    211727662   1734184885    919485009    868314373    862877000   1187063813     83075823   1786083260   1532055597   1796937138
   1106460894    503432084    630501897    405906616   2007218000    388769814    479534293   1745058690     37277151            0
This is a 3 matrix:
    570463131   2041621331   1683046933   1196083947   1632594948    538338154     71293235   1586085105    287500535   2087298408
   1897133986    499228198   1673999645    669135347   1367542571    389392997   1856199160   1450618395     27992609   1240771109
   1100071885   1134453504   1744203193   1730573782   1540360120   1603937545   2119343596   2019894413   1201512588            0
   2049436010   1771975719   2050758431   1584999295    820576018   1535869731   2123337449    891869253    974471188    263354337
    831684013    724121526    762582535    358200010   1393256873            0    747593007   1101972385   1433259853    775585616
    195259846    385848091   1910039120   1939463039   2116421873   1302915592   1395916937   2088281822   1175326357    449945877
   2097418922   1077278719     74437948   2000693705    514794367    895013966   1389079789    490648168   1786883219    216067329
    754002505    471083584    940188856   1516585040    829283594    185962081   1499226499   1576876601   1287934467    785002704
    204978569   1483194313   1170850795   2115017690   1275173705   1139789021   1270449634    523606994   1080587195    298292344
    973552871   1030522469   1375571063   1047990819    883732526   1890365430   1943004785    125328667    233529951   1582404356
This is a 4 matrix:
    341395997    987532456   2053487940   1281584853    356633849    735287886   1467546934   1855860348    164680839    607997753
    493379404    369659408   2091192067   1664230200    337193450   1218882124    656535573   1607643085   1742489118   1737122768
   1905935429    568558341    620161589   1134022844   1616549160   1503894115    876904627   1412070297   1629222783   1110434578
    846991005   1970618780   2097967034    752995297   1104719985    307117235   1488283183    424783271            0   1652964022
   1032781025    508873340   2022623430    976489444     25619892    212333233     47887920    682155465   1819976318   1790377038
    271794585   1578428099    211451731    891956174    564967295   1828000891    248366641   1441871922   1092587540   1877589424
    404822852   1939578545   1700724556    355306239    545090194    657960893    662423474   2033373377   1082744165    677917410
   1538853751            0   1186790750   1413993533    944530986   1212410642   1626326766    992418906   1894566107   1298819436
    635312296     18877044    729763887    846764027    910833218   1294731183    527281270   1159199859    589119457   1619868810
    889305636    993942310   1411963707    442546544   1349248549   1957053901   1100507438   2011672023   1842943630     35767955
